image_width: 1440
image_height: 1080
camera_name: narrow_stereo
camera_matrix:
  rows: 3
  cols: 3
  data: [1774.223036, 0.000000, 740.431218,
        0.000000, 1772.694834, 569.488977,
        0.000000, 0.000000, 1.000000]
distortion_model: plumb_bob
distortion_coefficients:
  rows: 1
  cols: 5
  data: [-0.134265, 0.143253, 0.002130, -0.000347, 0.000000]
rectification_matrix:
  rows: 3
  cols: 3
  data: [1.000000, 0.000000, 0.000000,
        0.000000, 1.000000, 0.000000,
        0.000000, 0.000000, 1.000000]
projection_matrix:
  rows: 3
  cols: 4
  data: [1739.616455, 0.000000, 740.206293, 0.000000,
        0.000000, 1750.185425, 570.672600, 0.000000,
        0.000000, 0.000000, 1.000000, 0.000000]
